ABMF00GLP 2919783.9017670606 -5383745.984618597 1774604.720581996
ABPO00MDG 4098113.521135438 4430085.844106271 -2061941.5208142847
AC2300USA -2752836.316493115 -1533597.3029159154 5526823.190952491
AC2400USA -3051340.1595435077 -1317098.806669292 5425613.66675363
ACER00ITA 4645164.804692313 4007759.8329742765 1740767.5854897741
ACOR00ESP 4594489.832999998 -678367.9189999995 4357065.839000001
ACRG00GHA 6347490.47873375 -22944.823212909236 622822.5090793845
ADIS00ETH 4913654.861088689 3945920.6604224797 995380.6352964479
AGGO00ARG 2765120.6553 -4449249.8563 -3626405.2770000002
AGRN00ITA 4937499.868 1194190.91 3844370.7209999994
AIRA00JPN -3530185.0152367093 4118798.1478424864 3344036.3594974237
AJAC00FRA 4696990.448981007 723994.3348982438 4239677.486316335
AL2H00CAN -2341332.8840000005 -3539049.509 4745791.359999999
ALAC00ESP 5009049.940968524 -42071.55998889931 3935056.20412603
ALB400CAN -2341347.894100001 -3539043.0535000013 4745787.640499999
ALBA00ESP 4962848.113 -160854.39900000306 3990884.1110000005
ALBH00CAN -2341333.2432306353 -3539049.7080968395 4745791.111145537
ALG300CAN 918043.2199999981 -4346175.159999999 4561905.629999999
ALGO00CAN 918128.1825688189 -4346073.425612316 4561976.1746353945
ALIC00AUS -4092255.930262354 4254637.634574966 -2408472.0228143036
ALKS00LVA 3064941.7730000005 1564041.4360000002 5352595.189
ALME00ESP 5105220.276 -219278.85000000102 3804386.856999999
AMC400USA -1248597.961105145 -4819429.037349684 3976505.0969379894
AMUR00ITA 4621088.585676447 4003900.8050079974 1811037.1741363772
ANIA00ITA 4640816.322641932 4033489.11550328 1692502.172253067
ANMG00MYS -1270827.8955109816 6242631.593115414 307791.4005624834
ANTC00CHL 1622872.162927256 -4859286.773730018 -3787753.681221828
ANTF00CHL 1978585.230656881 -5562682.1655180305 -2405049.6055115154
APO100USA -1463928.0528000025 -5166619.7594 3435049.845099999
APRC00ITA 4585532.92890936 4093751.2435678644 1698245.8410580414
AQUI00ITA 4592507.798 1089876.0830000003 4276392.678999998
AREG00PER 1951830.8583956736 -5831011.773027925 -1697831.3827406878
AREQ00PER 1951842.7975142545 -5831009.873904821 -1697822.3610359973
ARGI00FRO 2981490.05 -354651.8159999997 5608474.774
ARHT00ATA -1488203.887284642 352793.10075218946 -6171423.820203619
ARJ600SWE 2441772.908 799272.243 5818730.442000001
ARQT00ITA 4560310.87996634 4216246.09600256 1446848.1701580274
ARUC00ARM 3500417.9713821635 3390433.5266826046 4103025.95285388
ASCG00SHN 6145080.514766353 -1570093.1211602818 -671469.1092852636
ASGA00CYP 4385721.009000001 2875270.052000001 3618529.24
ASIR00ITA 4642957.390999999 1039357.485 4233672.712
AT0100ITA 4527872.2029550215 4273570.060624581 1382168.4896315082
AT0200ITA 4526003.977851437 4279430.700468504 1370520.7100718308
AT0300ITA 4529106.236819663 4280418.043050529 1355872.9357610748
AT0400ITA 4535440.254383671 4275327.963278461 1350453.9303536825
AT0500ITA 4517579.174485269 4284026.542572366 1382670.2879221793
AT0600ITA 4522874.219426357 4287848.583774715 1353508.801059383
ATBU00ITA 4518538.604597333 4284337.278017128 1376639.044723358
ATCC00ITA 4539124.840551847 4260137.223987398 1387043.8385964015
AUBG00DEU 4164313.458999999 803525.3729999998 4748474.563
AULL00ITA 4503359.099370493 4380701.919188545 1097340.4061941395
AUT100GRC 4466283.784999999 1896166.6909999996 4126096.422
AUTN00FRA 4349466.202 326196.02200000006 4638521.746
AV0400ITA 4648583.0772269135 4026728.9769376786 1687158.2910486024
AXPV00FRA 4614667.151000001 430786.2290000001 4367411.298
BABI00ITA 4687130.725379265 3974132.1506909872 1705651.6969437562
BADG00RUS -838281.1000553154 3865778.4118302744 4987623.86744034
BADH00DEU 4042498.095000001 612081.1820000003 4879250.841
BAIA00ROU 3945840.133 1720428.0440000002 4691082.510000001
BAIE00CAN 1546823.5783769009 -3879766.9265731494 4804183.56025984
BAKE00CAN -289834.9309385835 -2756502.4539477755 5725161.6043783985
BAKO00IDN -1840257.3558579928 6076482.988096039 -608246.4228967801
BAMF00CAN -2420721.50230778 -3439855.5495720142 4778533.10199325
BARO00ITA 4618272.815484196 4194649.463157407 1323002.7655213263
BARS00ITA 4583695.075940771 4176255.625795522 1488068.932989592
BAUT00DEU 3877545.485650296 1004369.9951972525 4947145.885340447
BBYS00SVK 3980359.1300000004 1382291.8700000003 4772771.75
BCLN00ESP 4788065.14 167551.16300000003 4196354.980999999
BCOV00CAN -2435249.159 -3250218.9899999993 4901513.134999999
BELE00BRA 4228139.047599999 -4772752.083400003 -155761.3808000001
BGDR00ITA 4499081.594034198 4327899.606737681 1306191.5714410183
BHPL00IND 1272088.397524393 5722250.283292232 2506319.900011397
BIK000KGZ 1249003.9423337695 4513916.251527983 4316146.785896228
BILL00USA -2420421.2839366044 -4737130.611473185 3507828.278065082
BIOG00ITA 4634136.367481218 4056879.716129575 1654487.3489371047
BIRG00ITA 4919304.208 1091123.587 3897292.764999999
BNEU00LAO -1224960.9797000007 5804226.571500001 2338188.7548
BOAV00BRA 3117449.946463624 -5555489.21628796 314479.0082539232
BOGE00POL 3633803.856000001 1397432.1410000003 5035298.243
BOGI00POL 3633814.4791889996 1397454.3221033984 5035281.533848689
BOGO00POL 3633738.8093686127 1397435.332948809 5035353.241373569
BOGT00COL 1744398.3341894967 -6116037.064352189 512732.835146214
BOLG00ITA 4467541.324 897307.041 4447974.977000001
BOR100POL 3738359.7535778144 1148173.2536784094 5021814.961580211
BORJ00DEU 3769403.2569999998 440564.012 5109098.854
BORR00ESP 4899519.287999999 -7115.832999999648 4069961.386
BRAS00ITA 4493943.241387245 4358281.2158595715 1221447.353202933
BRAZ00BRA 4151415.1815854046 -4590899.378915861 -1538888.7514771498
BREW00USA -2112008.462818992 -3705353.358253313 4726825.35646272
BRMF00FRA 4443792.824999999 383966.8339999999 4544229.068
BRMG00DEU 4245554.756421715 568958.5573717395 4710199.488488526
BRST00FRA 4231164.23550988 -332748.03644086677 4745129.321735302
BRTS00BLR 3595801.3280000007 1579447.213 5008953.556000001
BRUX00BEL 4027882.1943793977 306998.02000789746 4919498.348902753
BSCN00FRA 4314139.504999999 452626.02499999997 4660703.798999999
BSHM00ISR 4395952.735171395 3080706.6435142653 3433496.8717879583
BSSO00ITA 4620514.463515276 4094503.8075059266 1596667.6836636101
BSVZ00ITA 4336756.79 1071249.6030000001 4537900.451000001
BUCU00ROU 4093761.5342343873 2007792.5030581085 4445129.936499224
BUDD00DNK 3513649.635 778954.549 5248201.775999999
BUDP00DNK 3513638.569 778956.192 5248216.246
BULG00ITA 4707392.407294945 3960904.2766823326 1680703.349727367
BUTE00HUN 4081882.3600000003 1410011.1460000004 4678199.3829999985
BZR200ITA 4312890.11201492 864795.0820303761 4603598.28406061
CACE00ESP 4899866.797 -544567.6130000014 4033769.7620000006
CADG00ITA 4598330.059498037 4142244.5512835607 1536846.4767407258
CAFE00ITA 4643527.895968028 4040542.950540292 1665416.7462933813
CAFI00ITA 4539879.445886671 4282506.423444552 1313846.196668059
CAG100ITA 4885054.003999999 783345.8529999998 4012042.870999999
CAGG00ITA 4670478.921359768 3997008.3542881226 1694650.5396735019
CANT00ESP 4625924.659000001 -307096.7789999978 4365771.136999999
CARG00ESP 5059185.488 -85999.18400000046 3870099.214
CAS100ATA -922010.7950824683 2463448.180221439 -5791046.65080872
CASP00ITA 4597423.967604074 4255920.05626068 1194414.7642413226
CAVT00ITA 4924319.023571895 3803064.066592246 1399131.1743339533
CCJ200JPN -4490603.830838524 3483897.090740913 2884927.812358552
CDRU00ITA 4679755.624124071 3995476.533290672 1672675.362265935
CEBR00ESP 4846665.763610987 -370195.990100203 4116928.4651012877
CEDU00AUS -3821987.1410999917 3984166.2237408916 -3183240.6968716052
CELI00ITA 4726494.758712627 3882801.0383521593 1800803.2321615813
CERA00ITA 4629228.366059604 4109732.311227015 1535133.1736143623
CERT00ITA 4623767.076728356 4155812.134696706 1423636.7702088307
CEU100ESP 5150907.981 -478415.11800000194 3718518.2140000006
CFRM00CZE 3924573.169999999 1301971.0009999997 4840464.483000001
CHIZ00FRA 4427603.458999999 -31506.29800000016 4575621.560999999
CHPG00BRA 4203500.370709864 -4203850.906617286 -2304407.185584654
CHPI00BRA 4204935.854450508 -4202759.181982023 -2303924.303717285
CHU200CAN -236459.6300000007 -3307639.309999999 5430035.83
CHUR00CAN -236440.29647591888 -3307618.9406759827 5430048.074606195
CHWK00CAN -2215259.0673971986 -3543997.011016367 4802098.925856256
CIBG00IDN -1840288.052898592 6076478.152133716 -608320.9017322803
CIMO00ITA 4502417.241999999 850810.9979999999 4425074.545
CKIS00COK -5598153.553581895 -2059648.5841080036 -2250611.838085101
CLIB00CZE 3903195.526000002 1050232.2460000005 4917869.631
CLNO00ITA 4665414.037752284 4011047.804376106 1675450.10469289
CLRS00CAN -2360829.1400000015 -3482884.619999999 4777557.029999999
CLTA00ITA 4934085.227360287 3739612.568766606 1529067.5675914728
CMEL00ITA 4552238.411 653557.569 4404917.303
CMPR00ITA 4692303.028542519 3981897.369163679 1672651.9948273536
CMUM00THA -938079.3182919925 5968373.819664972 2038405.6806090462
COBA00ESP 5021256.05 -414685.1140000002 3898182.1589999995
COCO00AUS -742981.6132272814 6199563.517899417 -1297009.7646239912
COCU00ITA 4600866.855201209 4148022.1251581083 1513651.165175357
COMO00ITA 4398306.548999999 704149.6019999998 4550154.447999999
CONI00ITA 4581825.12553104 4185541.3455890315 1467735.6593087197
CORD00ARG 2371515.713933865 -4965306.106974023 -3215915.8229900724
COST00ROU 4021614.0790000013 2197896.098000001 4421014.485
CPAN00ITA 4811300.306095951 3846726.0262423283 1648340.9518332565
CPAR00CZE 3949919.0809999993 1116467.0389999999 4865832.528999999
CPVG00CPV 5626883.151377609 -2380933.713927706 1824483.1935813809
CRAC00ITA 4661564.283706545 3964637.4222513125 1793051.9988515442
CRAK00CZE 3982251.3199999994 972921.3229999999 4870394.76
CRJA00ITA 4911591.794672454 3810095.7320455946 1426073.3381260163
CRO100VIR 2607770.0746360025 -5488077.642349939 1932766.8221711891
CSPA00ITA 4695472.610717308 3963909.9407128044 1706045.9425969615
CSSB00ITA 4544234.69316288 4268663.885048824 1344060.459520378
CTAB00CZE 4022510.295 1053801.607 4820712.205
CTEL00ITA 4553001.356695954 4224546.762362233 1445663.3381332012
CUCC00ITA 4703040.040186047 3945479.9713878077 1727329.1775141037
CUGA00ITA 4796391.374 712545.923 4129767.9000000004
CUIB00BRA 3448464.3183488706 -5126029.644751507 -1580740.544437737
CUSV00THA -1132914.3862271344 6092529.356028741 1504630.5100175033
CYNE00GUF 3880933.0244038887 -5033206.805081921 532564.5714208256
DAE200KOR -3120042.2739999997 4084614.7220000005 3764026.8179999995
DAEJ00KOR -3120041.942146025 4084615.8692578077 3764025.8136275513
DARW00AUS -4116886.5055021592 4713838.369080323 -1225997.9629526678
DAV100ATA 511735.89448156086 2401881.7931038523 -5866713.527523816
DELF00NLD 3924687.694 301132.756 5001910.754000001
DENT00BEL 4020711.717 238850.87000000002 4928949.415
DEVA00ROU 4097210.867000001 1731870.1600000004 4556026.547
DGAR00GBR 1918472.738764571 6036904.617614834 -742517.9839632818
DIEP00DEU 3842153.352000001 563401.6460000002 5042888.212000002
DILL00DEU 4132892.6780000003 485478.9700000001 4817740.22
DJIG00DJI 4583086.953571899 4250981.933130666 1266242.00084672
DLF100NLD 3924699.5707356506 301124.0541182773 5001903.8741592355
DLKS00LVA 3206757.3390000006 1607049.5440000002 5256432.895
DNMU00UKR 3468977.3130000005 2434669.14 4750719.940000001
DOUR00BEL 4086778.404000002 328451.74800000014 4869782.408000001
DR2O00CAN -2059164.6819999996 -3621108.3880000003 4814432.366
DRA300CAN -2059163.1129000005 -3621128.4268999984 4814409.8556
DRA400CAN -2059127.923 -3621117.1800000006 4814440.839999999
DRAO00CAN -2059166.2602504739 -3621108.3493812378 4814431.779437683
DRDN00IND 1141412.884196657 5390353.847821775 3203323.386159353
DS1300USA -2350842.5305999974 -4655599.605399999 3660954.4023000007
DSTG00ITA 4599907.287294111 4014168.896669548 1840153.3600097904
DUBI00ARE 3278838.9365000003 4764817.9304 2679336.1436000005
DUBO00CAN -417604.7082912682 -4064530.0143892034 4881431.938664042
DUMG00ATA -2044699.4055619924 1715573.0698530062 -5773383.719262633
DUTH00GRC 4362690.138 2026647.8849999998 4174234.0149999997
DVCN00SVK 4026497.4100000006 1361546.963 4739882.095999999
DYNG00GRC 4595222.254556386 2039433.4081819132 3912623.786074814
EGLT00FRA 4483373.867 160636.299 4519408.731999999
EIIV00ITA 4886076.908025807 3751115.8800154794 1648885.6387344813
EIJS00NLD 4023086.5339999986 400394.85699999996 4916655.33
EKAR00ITA 4360912.154 892691.075 4554607.978999999
ELBA00ITA 4616534.1841 831568.3974000001 4307569.760099999
ELIZ00CAN -2485778.167000001 -3284087.075000001 4853826.866000001
ENAO00PRT 4375731.799063488 -2329165.498172988 4000236.3304766966
ENAV00ITA 4694580.882092993 4021184.842482725 1569053.1052129003
ENTZ00FRA 4192710.725 562398.9590000001 4757685.769
ENZA00ITA 4459810.129999999 765260.4329999998 4480183.439
ES1300DEU 4072341.465000001 617580.5150000002 4853755.599999999
ES1400DEU 4072340.833888695 617580.1172775971 4853756.953441926
ES1700DEU 4072340.833888695 617580.1172775971 4853756.953441926
ESLN00ITA 4876696.207175269 3768187.5377766998 1637428.2845772211
ESOC00DEU 4072343.36075973 617580.5004835648 4853755.191496226
EUR200CAN 78804.36851958478 -1109590.749785792 6259357.138548772
EUSK00DEU 4022106.4909999985 477010.8489999999 4910840.521
FAA100PYF -5278392.656886518 -3095043.2941198284 -1793982.2919399696
FAIR00USA -2281624.197634061 -1453596.9109216058 5756960.552778601
FALK00FLK 2170591.186908554 -3456744.433267368 -4884662.6096456
FAVR00ITA 4933279.027559167 3753663.1800009506 1497273.579663614
FFMJ00DEU 4053455.371755867 617729.9643304875 4869396.080754547
FINS00FIN 2984445.077 1083375.3640000003 5513242.875000001
FLIN00CAN -766175.9321720435 -3611375.095706638 5184056.165931876
FOCS00ROU 3968458.472000001 2039039.2300000002 4542736.192000001
FRA200UKR 3814979.5959999994 1755525.615 4784794.694999998
FRDN00CAN 1760542.3469012533 -4080068.7459585145 4560177.992467127
FRES00ITA 4588531.773902238 4127763.792046564 1604799.181653477
FRNE00ITA 4645429.299 1098211.661 4216361.575
FRUL00ITA 4675822.6411477085 4047183.1173411594 1557193.3146035548
FTNA00WLF -6194791.576572606 -203235.4340447995 -1499936.6674326807
GALH00ITA 4887009.268000002 1220309.2260000005 3900557.9740000004
GAMB00PYF -4155099.0291794157 -4160202.7468527895 -2463458.128546439
GAMG00KOR -3191610.186288798 4096901.882045077 3691839.361248247
GANP00SVK 3929180.603726671 1455237.0724746056 4793654.520402544
GARI00ITA 4439514.052999999 963866.8389999998 4461921.292999999
GARN00ARM 3468546.284399999 3437487.047799999 4091598.886999999
GATE00ITA 4616545.1709769815 4086241.8718150007 1630600.2285520558
GBLM00ITA 4877818.135899909 3809598.3813246307 1535773.090488492
GCGO00USA -2281622.172536186 -1453584.7348492967 5756964.84522023
GELL00DEU 3688287.776999999 941627.6409999997 5100607.843
GENO00ITA 4507892.2562097125 707621.1279687304 4441603.59460151
GJML00SRB 4304059.855000001 1605810.7040000001 4410324.281999999
GLDR00CAN -2437877.22 -3339823.49 4839933.330000001
GLPS00ECU -33804.138876532605 -6377516.562013088 82151.38265157003
GLSV00UKR 3512890.501272632 2068979.95683044 4888902.048447765
GMSD00JPN -3607664.9707757807 4147868.878235934 3223717.2309160526
GNAL00ITA 4566832.234540489 4197064.462962563 1481400.499310926
GODE00USA 1130773.562786295 -4831253.997737416 3994199.9577200934
GODN00USA 1130759.5915219886 -4831299.861712617 3994154.181944995
GODR00USA 1130724.563400002 -4831390.229799999 3994056.637799999
GODS00USA 1130751.2421952863 -4831348.635981429 3994099.8330677836
GOET00DEU 3918912.263999999 687523.441 4968545.273999999
GOLD00USA -2353617.0750674796 -4641385.205188417 3676974.902347536
GOML00BLR 3342517.295999999 2005750.9789999996 5031577.809000001
GOP600CZE 3979319.8365218574 1050312.6210360294 4857064.841308832
GOP700CZE 3979318.279975206 1050312.2101968257 4857062.92862128
GOPE00CZE 3979316.6679893457 1050313.8483533766 4857066.3720010435
GOR200DEU 3767160.4159999997 756144.7329999999 5073919.767999999
GRAC00FRA 4581707.767687254 556133.4808132645 4389342.389521344
GRAS00FRA 4581692.253199715 556113.565702215 4389359.535833216
GRAZ00AUT 4194425.466412057 1162702.5174152376 4647243.991886651
GRO100ITA 4644038.96017704 4046545.4726937753 1650997.7201298487
GRO200ITA 4649680.336100001 1254712.8304000006 4168317.161100001
GROT00ITA 4644573.066040493 4047866.5945264036 1646641.3239847021
GRZM00ITA 4482306.9319801945 4368757.740961995 1225188.955048864
GUAM00GUM -5071311.504146637 3568366.3517614002 1488901.7759412061
GUAR00ITA 4628767.226965904 4137723.409243652 1459181.8577683172
GUIP00FRA 4226392.951000001 -326080.50799999945 4749929.148000001
GVDG00GRC 4783636.719254924 2140728.7271658187 3623233.192614157
HAGA00ITA 4899348.48511499 3730411.844412183 1656703.861833733
HAL100USA -5466018.235246884 -2404393.930071566 2242210.1933051636
HAL200USA -5466080.482737928 -2404161.966658926 2242229.3208602658
HARB00ZAF 5158196.2632154375 2708946.2449916275 -2590351.4718088415
HAS600SWE 3464660.865000001 845747.1610000002 5270269.185
HAVL00ITA 4921505.319213966 3703236.207746983 1653263.2642976085
HCRL00ITA 4902414.885153254 3732341.1430932917 1643580.4292970325
HEL200DEU 3705183.2819999997 512589.52599999995 5148980.581
HELG00DEU 3706067.465000001 513803.6600000001 5148174.261
HERS00GBR 4033470.8345875693 23671.37946726712 4924300.744841834
HERT00GBR 4033461.5223832848 23538.347803898894 4924317.721182434
HETT00FIN 2156253.256 944971.101 5908310.687
HKSL00HKG -2393381.6359339515 5393861.74528105 2412591.91888958
HKWS00HKG -2430580.17420549 5374285.369781713 2418955.8668434345
HLFX00CAN 2018904.6880462877 -4069072.933745448 4462413.6973217735
HLNI00ITA 4901666.925484326 3740698.5596696506 1626449.8967018828
HMDC00ITA 4929379.317034952 3709026.3324598433 1617045.7008926405
HOB200AUS -4050882.2585257944 2586791.5337590766 -4178795.496120861
HOBU00DEU 3778219.149845731 698635.5132205714 5074054.638024806
HOFJ00DEU 3994171.57 839948.536 4885561.221
HOFN00ISL 2679691.050507719 -727952.7119340611 5722788.615463353
HOLB00CAN -2503040.2521437556 -3188232.702581607 4908702.048539649
HPAC00ITA 4939311.784604008 3682856.606490566 1644070.2853176978
HRAO00ZAF 5159162.966478171 2707124.868750803 -2589978.05042148
HSCI00ITA 4941433.565908218 3695857.6035950747 1608807.680451946
HSRS00ITA 4910300.045758251 3712687.803529006 1663960.6904092473
HUEL00ESP 5049613.136 -612885.6929999979 3835143.844999999
HVIT00ITA 4932783.045602842 3716173.8633382297 1589029.4602334087
HVZN00ITA 4916813.289725231 3729089.64785638 1609923.1308299322
IBIZ00ESP 4967979.680000001 125662.80500000001 3984692.527
IENG00ITA 4476537.188757514 600432.3380502572 4488762.251468783
IGEO00MDA 3814975.658 2101074.938 4644143.783999999
IGM200ITA 4523237.4860000005 896768.2890000001 4391808.531000001
IGMI00ITA 4523251.5200000005 896759.7630000002 4391796.132
IGNP00FRA 4201789.0 177946.0 4779290.0
IISC00IND 1337938.018216406 6070316.746317361 1427876.8697677592
IITK00IND 968879.6457963805 5628035.034419075 2830902.216911425
IJMU00NLD 3882053.2520000013 309346.2050000002 5034330.201
ILDX00FRA 4436671.267 -91138.3780000028 4566017.847999999
IMPZ00BRA 4296061.780312513 -4687872.436460509 -498000.81312009064
INGR00ITA 4640543.930946058 4153207.643006765 1373096.3574049135
IPRO00ITA 4687757.850089192 4041369.4908748227 1535577.125165866
IQAL00CAN 1036001.622768124 -2631457.4337303913 5697818.725692043
ISAL00ITA 4821461.069865766 3843413.8122699726 1626431.640440374
ISHI00JPN -3959648.465017055 3296837.2785794823 3747006.021345261
ISRN00ITA 4629175.396999998 1177056.4419999996 4213508.036
ISTA00TUR 4208830.7573745055 2334849.8839479736 4171266.9628395713
IZAN00ESP 5390243.482999999 -1596630.528999999 3007752.4159999993
JATE00ITA 4577471.389999999 1316900.9439999994 4228911.639
JCTW00ZAF 5132579.035623228 1714205.338235559 -3365039.5777983572
JDPR00IND 1671951.9818161486 5476893.718358589 2799675.944392895
JOE200FIN 2564142.7629999984 1486152.4959999993 5628949.107999999
JOEN00FIN 2564139.479 1486149.6610000003 5628951.345
JOG200IDN -2207376.395390751 5944196.052651607 -688248.1112311385
JON600SWE 3309994.4209999996 828938.445 5370879.921
JORD00CAN -2374207.4699999997 -3512780.2100000014 4749027.75
JOZ200POL 3664880.5227692407 1409191.3052562734 5009618.285426273
JOZE00POL 3664942.4582427205 1409153.9350765108 5009569.652336869
JPLM00USA -2493303.739708058 -4655214.68957773 3565498.712688672
JPRE00ZAF 5124399.154869079 2757202.077650637 -2605939.1177590773
KAD600SWE 3160760.526 759158.935 5469347.169999998
KARL00DEU 4146524.6449999986 613137.8219999998 4791516.958999999
KARR00AUS -2747684.582774155 5370094.878904228 -2065329.8997209012
KAT100AUS -4160919.694297046 4596386.236965348 -1492631.4509509304
KERG00ATF 1426269.33582097 3973688.462241499 -4764882.590698878
KEV200FIN 1972152.8899999994 1005171.3049999998 5961801.585000002
KILP00FIN 2147250.4559999993 820562.0689999997 5930137.006000001
KIR000SWE 2248122.37825222 865686.8059230207 5886426.2351253815
KIR800SWE 2248125.8962262976 865685.6575228123 5886425.06830486
KIRI00KIR -6327822.389600766 785604.9730792268 149769.25418831236
KIRU00SWE 2251422.6050958564 862817.7879029403 5885475.960973921
KIT300UZB 1944945.6737333257 4556653.304488552 4004324.5524557396
KITG00UZB 1944878.7067456613 4556783.98894409 4004206.1317963344
KIV200FIN 2632282.176000001 1266940.9550000005 5651029.884
KLAD00SRB 4198525.692 1748784.5659999999 4456702.386000001
KLNK00BLR 3420779.136999999 1922125.8059999996 5011700.366
KLSQ00GRL 1586031.485784558 -1932258.277713917 5848547.19175841
KNJA00SRB 4284174.952 1753166.2900000003 4373521.704
KOKB00USA -5543839.493331465 -2054585.4166858683 2387808.7392900246
KOKF00USA -5543803.493200001 -2054596.9001999975 2387884.7414
KOKG00USA -5543810.704100003 -2054575.193599998 2387887.3246
KOKR00USA -5543972.568600002 -2054593.493999999 2387500.4564
KOKV00USA -5543838.233080681 -2054584.949628176 2387811.5138524375
KOS100NLD 3899612.1292839353 397363.1262324975 5014737.544491068
KOUG00GUF 3855261.0344073554 -5049734.025974149 563037.5105400721
KOUR00GUF 3839590.3451948245 -5059568.492651161 579955.4304527903
KRA100POL 3856938.9280000003 1397750.2030000002 4867717.323999999
KRAW00POL 3856936.1579999994 1397750.4659999995 4867719.428999999
KRGG00ATF 1426271.6859027366 3973695.009737521 -4764876.468199019
KRRS00UKR 3579309.1730000004 2259514.4810000006 4755359.751
KSU100USA -570506.2055596285 -4923590.853017924 4001208.4859330184
KUNZ00CZE 4037498.099 1097034.027 4798909.108
KURE00EST 3107617.7920000004 1287856.3600000003 5400807.141
KUU200FIN 2282712.359 1267076.496 5800214.741
LAMA00POL 3524521.4623489478 1329693.257930307 5129847.411789191
LAMP00ITA 5073164.663528989 1134513.4814166056 3683181.702816895
LARM00GRC 4549397.512999998 1874003.0089999996 4045167.307
LARN00ITA 4642259.899535755 4140174.0018319604 1407490.972574196
LAUT00FJI -6114553.159377548 272681.8055373336 -1788325.1397305916
LCK400IND 894679.0519779547 5620595.121677073 2869567.0697479798
LCRA00ITA 4616720.743000001 1274971.5780000004 4198179.523
LDB200DEU 3798345.2659999984 955552.8399999996 5017221.529999999
LEIJ00DEU 3898736.883603184 855346.2931474133 4958371.896222868
LEK600SWE 3022567.3690000004 802951.3320000003 5540686.026000001
LEON00ESP 4680871.373 -463168.41500000237 4294606.545999999
LESK00SRB 4333721.664 1746352.6020000002 4327504.704000001
LI3D00ITA 4810740.9491080195 3845728.2997757937 1652295.4456520597
LICC00GBR 3978703.391124537 -12140.722076045055 4968414.9964033775
LICO00ITA 4679373.387004744 4049970.779211939 1538361.7059941578
LIDA00BLR 3405722.436 1610159.3390000002 5129731.874
LIGN00ITA 4418391.506999999 579944.5099999999 4550233.299999999
LIL200FRA 4049340.9309999985 221852.83799999993 4906448.705000001
LINZ00AUT 4118898.9420000003 1048597.125 4740105.683
LLIV00ESP 4709586.503999998 162244.34199999995 4285914.015999999
LMMF00MTQ 2993385.792042506 -5399365.126677584 1596746.8576303856
LNSS00ITA 4574418.988234947 4206835.952348079 1429716.894613142
LOSV00ITA 4827563.874306095 3832594.5995100406 1634612.307844644
LOV600SWE 3104211.209999999 998381.6179999997 5463295.697
LPAL00ESP 5326646.652085338 -1719826.904406885 3052042.675138568
LPEL00ITA 4593514.055360571 4142846.6461098837 1552819.741774088
LPGS00ARG 2839820.5224860488 -4532737.198411369 -3462646.422490305
LRCI00ITA 4514162.9479559595 4371931.796380013 1087409.6813890266
LROC00FRA 4424634.619078376 -94176.55450690181 4577542.140591218
M0SE00ITA 4642432.829722543 1028628.7907846748 4236854.056455242
MAC100AUS -3547985.9176583015 1366507.0830158468 -5103865.091445376
MADR00ESP 4849200.509511776 -360329.47850066435 4114912.334212834
MAGA00ITA 4372779.218893894 4492703.729920855 1168697.6837566588
MAH100IRL 3760811.3119999995 -656417.551000001 5092375.941000001
MAJU00MHL -6257572.073259131 950334.9912766225 785214.1998359263
MAL200KEN 4871257.923102746 4115678.0124917435 -111007.56840242156
MALA00ESP 5103282.407 -392096.8200000012 3793146.8500000006
MALL00ESP 4919367.25365336 225499.86778195272 4039849.7852010773
MAN200FRA 4274276.147 11584.084 4718385.781000001
MAO000USA -5466060.806600001 -2404331.1386999977 2242124.8341999995
MAR600SWE 2998189.87857308 931451.9941293112 5533398.459788227
MAR700SWE 2998198.7594 931449.7113 5533392.6403
MARN00ITA 4642211.125426703 4146389.713439407 1389475.9796130133
MARS00FRA 4630532.012126174 433947.7312246427 4350143.3646959
MAS100ESP 5439193.068838148 -1522055.9355879547 2953452.9550284618
MAT100ITA 4641951.657474019 1393054.5472565223 4133280.3009127965
MATE00ITA 4641951.3814349165 1393044.6517772533 4133285.763735825
MATG00ITA 4641952.791509119 1393062.2470711074 4133279.067774974
MAW100ATA 1167906.5021371904 2279413.7505955733 -5821789.3855282245
MBAR00UGA 5482952.139174627 3260441.134986907 66517.12679245732
MBFT00ITA 4902999.686183225 3823207.014137442 1420574.7858721358
MCEL00ITA 4679930.687937648 3972522.3117155298 1725656.4283042408
MCHL00AUS -4887470.277303902 3036865.651666 -2743503.2439924493
MCIL00JPN -5227187.6260552695 2551882.588420032 2607616.86243812
MCM400ATA -1489167.3421975777 352866.7047529972 -6171149.854775378
MCRV00ITA 4662278.955964347 4021957.8521727035 1658049.031956845
MCSR00ITA 4846340.247130823 3795237.8513957653 1664669.4049148522
MDEU00ITA 4767433.261000001 768959.767 4153553.407
MDO100USA -1329999.5767523288 -5328393.830785345 3236503.094777386
MEDI00ITA 4461401.851978217 919593.0531915338 4449503.733199519
MEFI00ITA 4650620.12214213 4037879.7400783445 1655158.661684052
MELA00ITA 4597887.279650802 4097431.9225131175 1653712.2635401129
MELI00ESP 5205629.506388895 -268412.2715646077 3663426.4288251004
MERS00TUR 4239147.718307958 2886967.6709402613 3778875.8489705427
MET300FIN 2892585.037276476 1311799.976626203 5512619.223686562
METG00FIN 2890653.335451385 1310295.4412263425 5513961.378677101
MFNL00ITA 4914051.328659647 3810492.750906421 1417153.3364418123
MFUS00ITA 4650582.087403308 4050961.8061294993 1622509.126210628
MGO200USA -1329992.3669999987 -5328416.666000001 3236473.369
MGO300USA -1330165.587202561 -5328542.174772268 3236118.041289472
MGO400USA -1330807.0534000022 -5328078.737199999 3236452.4671999994
MGO500USA -1330810.7862999996 -5328115.5692 3236393.6657999996
MGO600USA -1330810.7862999996 -5328115.5692 3236393.6657999996
MGRB00CAN -2386335.9580000006 -3454505.420999998 4786326.877
MGRD00ITA 4336152.442810423 4486298.228001908 1319025.7690025363
MGUE00ARG 1858147.6053820336 -4942975.856563027 -3567767.4799498958
MIK300FIN 2709832.526000001 1386860.6690000007 5586222.731000001
MIKL00UKR 3698554.742706347 2308675.827937596 4639768.968245611
MILA00ITA 4832734.853652332 3812693.8950660713 1664808.7824390433
MIZU00JPN -3857166.6981533263 3108696.4709628797 4004041.388806962
MKEA00USA -5464106.832008197 -2495164.7148564393 2148289.0641354504
MLHD00IRL 3602853.8249999997 -464041.2690000014 5225107.312
MLVL00FRA 4201577.207000002 189859.85400000005 4779064.558
MMBI00ITA 4836047.45854592 3782821.957651933 1721503.5189654042
MMET00ITA 4657523.406 1404984.9019999998 4111080.723
MMGO00ITA 4921327.350338495 3798423.0060995473 1423022.4160827538
MNOV00ITA 4851498.225950939 3794361.853562332 1654847.163900989
MOBS00AUS -4221358.285828767 2958536.0988701344 -3743514.6360938586
MOCO00ITA 4620954.163863014 4069764.1901300917 1657087.8514725808
MODE00ITA 4457107.510303809 4399756.991948788 1203485.4937590242
MODR00ITA 4663870.6082018 4075152.165287538 1520293.7199720214
MOGI00BLR 3249529.843000001 1900851.3600000003 5131587.475000001
MOMA00ITA 4568087.726526599 4230688.032587887 1379014.6003689556
MONA00ITA 4547982.199688597 4225802.120755501 1461935.0247556455
MONC00ITA 4461764.709285954 4473304.747890779 873848.3397679776
MOP200SVK 4053742.964999999 1260569.44 4744939.952999999
MOPI00SVK 4053738.187 1260571.3760000002 4744940.646
MOPS00ITA 4463919.579 863590.628 4458193.735000001
MPAZ00ITA 4835867.674037346 3771809.694940379 1747607.634716219
MPNC00ITA 4838437.361292191 3800232.8084245496 1677922.167885194
MRC100USA 1092812.554800105 -4877220.994157708 3948969.1046116725
MRCB00ITA 4829275.527033166 3795217.8705430054 1715258.7772040083
MRGE00ITA 4415490.153799847 4535794.019944696 778829.6626649715
MRIB00CAN -2317213.9500000007 -3446548.750999999 4824467.697
MRLC00ITA 4657519.934209383 4014025.857348043 1692472.5373408878
MRO100AUS -2586966.182774485 5157624.14246551 -2709647.209434062
MRVN00ITA 4619955.107493561 4024709.1620595204 1767732.4237649604
MSAG00ITA 4580668.938321235 4082948.4189363234 1737393.9982305095
MSAL00ITA 4602870.874315153 4159742.6631814335 1475160.7458857868
MSEL00ITA 4461399.921000001 919566.8900000001 4449510.1450000005
MSFR00ITA 4863237.612166947 3804227.280432267 1596631.0809822455
MSGR00BRA 3472663.7107822387 -4908871.6343093915 -2121481.1129178144
MSRU00ITA 4827027.528510573 3807234.512730873 1694436.4846504405
MSSA00JPN -3854395.270748472 3427834.1326652854 3741738.0964514324
MT0100ITA 4350869.652896528 4466136.676159007 1339164.5990404326
MT0600ITA 4345618.801271916 4473538.053511902 1332163.0709579862
MT1000ITA 4345422.14230371 4482248.968374438 1306657.3148708588
MT1100ITA 4322328.530534332 4490308.886661821 1350170.614352398
MTER00ITA 4578091.803929482 4196371.3754006075 1448463.765847291
MTGR00ITA 4910347.577167845 3821775.5247090347 1400021.0934430978
MTMR00ITA 4657035.2834087 4036612.054999023 1640653.4220051554
MTRZ00ITA 4474382.594610614 4368349.512279748 1255248.1443734022
MTSN00ITA 4685258.948532943 3968611.049210662 1720225.5430613218
MTTO00ITA 4586061.172401599 4195876.370893478 1424650.8579808562
MUCR00ITA 4855853.52937251 3799680.781504799 1626629.831742871
MUK200UKR 3909874.544 1637330.9050000005 4750029.076
MUR100ITA 4535463.827486119 4268478.464516882 1374346.586979808
MURE00ROU 3996007.0079999985 1826697.1019999995 4608392.414
MVAL00ITA 4528463.200455986 4279660.685710635 1361546.1146500478
MYRA00CAN -2411986.3600000003 -3372664.0099999993 4830998.519999999
MYVA00ISL 2524230.175799999 -766492.0264000014 5787949.619399999
NAIN00CAN 1671836.501515901 -3103473.746731759 5297671.023216576
NANO00CAN -2335728.3196703997 -3451607.843513398 4812009.6079794
NAUR00NRU -6212554.51193627 1442789.1662801877 61005.80618595797
NAUS00BRA 3179540.720468498 -5519361.155153949 -329048.57558520423
NCSB00CAN -2397990.809000001 -3293791.2290000003 4892476.5819999995
NEMI00ITA 4645252.857237345 4141387.872312852 1395134.3271708812
NICO00CYP 4359416.530942774 2874117.4431104125 3650776.532554177
NIST00USA -1288399.0875157989 -4721697.54911772 4078624.3931008815
NIUM00NIU -5942590.792425522 -1055638.736066386 -2055370.15042273
NKAY00LAO -1588774.4720177855 5866609.977617904 1928955.2468621768
NKLG00GAB 6287386.033609583 1071573.0153283821 39130.95836211649
NLIB00USA -130936.39676796724 -4762292.22112064 4226854.000192011
NNOR00AUS -2416606.094419781 4912773.2340659965 -3261382.859488548
NOA100GRC 4599642.680000001 2034826.881 3909890.0160000003
NOCI00ITA 4618080.954562392 3984673.6090773763 1859734.0242386905
NOR700SWE 3199101.643999999 932233.0399999997 5420316.962999999
NOT100ITA 4934547.127522342 1321264.37488308 3806455.1122742333
NOVP00BLR 3174970.7549999994 1734339.9289999995 5235426.573
NPAZ00SRB 4365991.239 1634053.0469999998 4339210.471000001
NRC100CAN 1112777.2583313927 -4341477.77247525 4522953.975474915
NRMG00NCL -5761955.575322731 1384930.485869459 -2351014.5744529255
NTKA00CAN -2470820.2560000014 -3324948.069999998 4833520.927999999
NVSK00RUS 433605.5686657163 3655558.531862734 5191286.707263674
NYA200NOR 1202379.3369802593 252474.67731644487 6237787.08616203
OBE400DEU 4186703.0446552145 834903.6303617322 4723663.43934427
OHI300ATA 1559698.3187057835 -2486506.0588942575 -5643670.569277349
OLK200FIN 2866981.704 1129668.657 5565665.623999999
ONS100SWE 3370667.0252574654 711819.8241231752 5349788.532273427
ONSA00SWE 3370660.7072952758 711876.5287989044 5349785.70386482
OP7100FRA 4202778.87121297 171370.5321491349 4778661.473004917
ORID00MKD 4498452.773770355 1708265.3736261707 4173591.3518861476
ORIV00FIN 2772556.660999999 1246719.3069999996 5588449.363999999
OROS00HUN 4110947.185999999 1551048.4329999995 4608009.806
ORTE00ITA 4602770.379999999 1006905.2729999998 4284748.8780000005
OSK600SWE 3341336.414 957914.5759999999 5330005.754999999
OSSC00ITA 4536830.901274277 4308904.949508333 1235803.766225856
OST600SWE 2763889.649 733243.5049999999 5682651.878
OUL200FIN 2423797.703999999 1176542.8209999995 5761848.343000001
OUS200NZL -4522664.183503639 755948.61048421 -4418533.389171384
OVE600SWE 2368886.9419999993 994496.3789999997 5818476.888000001
OWMG00NZL -4588137.537214384 -291169.1123592062 -4406167.561926199
P04300USA -1128703.2980856728 -4465270.69494596 4399615.375100856
P05100USA -1416838.283662988 -4223178.339361371 4551064.8871299
P05300USA -1283558.8599347791 -4015770.1353533706 4771131.870776385
P38900USA -2347407.827355399 -3968718.493537466 4394009.131571289
P77900USA 647472.7067193821 -5177937.56928575 3656703.2117314637
P80200USA -810033.1594704697 -4318611.614164421 4608497.738909113
PADO00ITA 4388882.2694999995 924567.2030999998 4519588.5058
PALB00ITA 4605373.421 1389014.934 4174349.6230000006
PALZ00ITA 4633558.029932377 4019946.318487647 1742609.5586248
PAOL00ITA 4658197.870381754 4053736.5502980077 1594063.0676900486
PARC00CHL 1263965.7074969774 -3645975.8064607526 -5061375.167790795
PARK00AUS -4654082.9952215 2878392.8705454753 -3266216.991548589
PASA00ESP 4644909.421 -156645.61500000197 4353622.657000002
PAVO00ITA 4646166.651622835 4143512.6299681556 1383925.712581724
PBR400IND -295667.04900202004 6240861.547233434 1278143.468737573
PENC00HUN 4052451.014995242 1417681.5869386091 4701405.6067169225
PERT00AUS -2408670.063995266 4963711.897970171 -3189374.9866293357
PFA300AUT 4253561.380999999 733544.8319999999 4681451.828999999
PGC500CAN -2327182.8600000003 -3522535.6279999996 4764832.484000001
PGEN00PHL -3650009.8582000006 5187342.094200001 669405.3021
PICL00CAN -11254.87466452022 -3980587.0297202123 4967210.099037049
PIE100USA -1640918.532307494 -5014781.034759936 3575446.5384261375
PIET00ITA 4523468.258425314 4285264.800782692 1361028.857669868
PIGN00ITA 4654008.882707492 4074276.7881052033 1552395.2460788644
PIMO00PHL -3186293.3851587805 5286625.325172086 1601155.575564862
PINS00BLR 3525285.572000001 1726511.3150000004 5010514.859
PIOB00ITA 4509726.214345358 4295755.093799655 1374474.227803365
PIPA00ITA 4713767.628779439 3883657.9739813637 1833489.2521295429
PLAC00ITA 4792677.822319893 3805307.7478935863 1793436.6365020443
PLCN00ITA 4331030.921599998 960884.2865999998 4567301.6997
PMCO00ITA 4609675.31169182 4084611.3549893945 1654021.4233067173
PNSA00ITA 4547023.450915784 4126605.767104865 1719599.3706234065
POAL00BRA 3472669.9351972924 -4306768.16585173 -3163302.6478414643
POFI00ITA 4626700.234478043 4124702.6980429534 1502246.919668504
POHN00FSM -5879157.396610885 2350295.096915633 767748.267179845
POL200KGZ 1239972.9549571602 4530791.218991815 4302577.17485816
POLV00UKR 3411558.1284062495 2348463.3117290763 4834396.71163443
POPI00ITA 4512628.206 1097887.7240000002 4357276.989000001
POTS00DEU 3800691.4292637534 882077.2442126096 5028789.972629659
POVE00BRA 2783872.0506395577 -5681669.510837705 -804044.9658671602
PPSH00NOR 1386495.2310000006 385508.62900000025 6192886.41
PRAT00ITA 4518264.394 886376.4310000001 4399019.151999999
PRD200CAN -1659565.952799999 -3676743.5241 4925491.571799999
PRD300CAN -1659640.5182000026 -3676738.1772000003 4925470.684
PRDS00CAN -1659603.841973238 -3676727.1491777455 4925492.291947027
PREC00ITA 4556609.838682712 4226119.329587454 1429716.894613142
PRIJ00SRB 4372826.438 1560748.5259999998 4359082.108
PRYL00UKR 3425673.584 2174035.1900000004 4904999.685
PSB100ITA 4639366.977703178 4064749.5717159994 1620041.7881975626
PSTO00PRT 5134919.669999998 -1504981.1200000031 3459560.6759999995
PSTV00BLR 3262538.133000001 1650818.0390000006 5208712.666
PTAG00PHL -3184317.708079701 5291066.983748381 1590415.5679679126
PTAL00CAN -2384054.0099999984 -3422429.090000001 4809283.130000001
PTBB00DEU 3844059.4498848827 709661.4762554356 5023129.864916189
PTGG00PHL -3184364.628399507 5291040.436608858 1590412.768533045
PTRP00ITA 4660243.081725101 3984727.1261496227 1753444.9915526425
PTVL00VUT -5998064.71243086 1240501.9429603966 -1773390.7627106386
PULK00RUS 2778607.186999999 1625494.5359999996 5487810.830000001
PUYV00FRA 4504322.3440000005 305404.9600000001 4491277.145
PYHA00FIN 2510901.7419999996 1130426.4479999996 5733838.463000001
PZIN00ITA 4996303.516216648 3739208.8331780056 1314315.9306651412
QAQ100GRL 2170942.453309383 -2251831.498704948 5539987.682452828
QIKI00CAN 1069080.43619043 -2195215.289655729 5872518.802833312
QUAD00CAN -2369027.2100000014 -3342080.3899999997 4872243.9399999995
QUIN00USA -2517233.3872913113 -4198596.06432266 4076529.052443405
RABT00MAR 5255618.754444281 -631747.327748485 3546320.688185794
RAEG00PRT 4618484.413928276 -2166047.9277338902 3816304.898242584
RAH100UKR 3895974.4419999993 1751353.7989999999 4721320.595999999
RANT00DEU 3645376.756 531201.701 5189296.708999999
RAPO00ITA 4651442.38657342 4019553.0028444207 1693690.9063796818
RCMA00ITA 4629927.538627978 4094917.51897363 1568276.163129416
RDPI00ITA 4642478.975464671 4145026.871007671 1394306.5473276984
RDSD00DOM 2078677.9811692892 -5683737.922772872 2006885.9785508483
REDU00BEL 4091423.867780559 368381.0733131397 4863180.106744491
RESO00CAN -144108.62806674483 -1683121.3208072216 6129762.8856196115
REUN00REU 3373445.606505731 4921575.538146737 -2250410.9809813714
REYK00ISL 2587384.6306526093 -1043034.3990205777 5716563.695587031
RGAR00ITA 4590853.045327921 4084411.6443541693 1704513.7006513493
RGDG00ARG 1482757.4081514266 -3624617.6528944196 -5017465.153145315
RIGA00LVA 3183900.5053072027 1421477.4940887922 5322810.261565663
RIO100ESP 4708447.182 -199490.83200000302 4284089.318
RIO200ARG 1482768.9684042449 -3624575.7094901684 -5017491.350433608
RIVE00ITA 4701449.864087004 3951701.423719574 1715006.3731052477
RIVO00ITA 4325182.595000002 1002383.6890000004 4563939.188999998
RNI200ITA 4618248.95312603 4115288.114744099 1549401.6736646316
RNSP00ITA 4508310.504502724 4305977.549514844 1347139.09832927
ROAG00ESP 5105575.129245098 -555208.9667636314 3769713.817043085
ROM200FIN 2410840.8840000005 1388075.9450000003 5720514.512
ROPI00ITA 4589436.212065 4180753.5255877757 1461936.5356974672
ROVR00ITA 4376356.507879904 4476327.748897798 1216823.344674745
RSMN00SMR 4486358.751885019 4322450.101869247 1366327.879729766
RSPX00ITA 4462485.296533427 4485599.030863373 801214.2528007702
RSTO00ITA 4552151.523419849 4194430.391880469 1533221.3564946265
RTS200USA -1330748.5875000022 -5328115.2705 3236419.957199999
RVNE00UKR 3637572.4229999995 1794769.0659999996 4905978.742
SABA00SRB 4271111.894999999 1529000.3429999999 4468514.425999999
SABY00BES 2739340.5696775406 -5427816.888018381 1921068.3987920955
SACC00ITA 4686126.994855912 3986091.7174805314 1680253.353455508
SACR00ITA 4629336.846363357 4081022.249145472 1608871.3413318554
SACS00ITA 4576710.5258070845 4245356.515572536 1307834.9090106545
SALA00ESP 4803054.794999999 -462131.63500000164 4158378.642
SALB00ITA 4698126.292830931 3925039.9505543704 1783501.4885441975
SALO00ITA 4386969.0638387315 4482641.590005265 1157388.2026583606
SALU00BRA 4570229.220267517 -4446294.100965653 -155514.02075414482
SALV00ITA 4713898.182344742 3909663.7974279984 1776790.4950751022
SAMO00WSM -6171530.2830311265 -896100.198235631 -1333732.1053483468
SANT00CHL 1775703.9912111552 -5061707.642174876 -3440361.475886847
SART00ITA 4865368.888999998 791976.4169999997 4034869.498
SAS200DEU 3606365.060999999 875342.5899999996 5169999.949
SASK00CAN -1106130.272433364 -3758705.19618746 5016675.190377001
SAVO00BRA 4904124.8279456105 -3891461.7691736766 -1215619.5248136823
SAVU00FIN 2100286.7950000004 1162091.475 5889701.194
SBG200AUT 4180931.245000001 973735.2040000001 4703203.313000001
SBPO00ITA 4424990.679486768 4432875.22673205 1200330.2400517766
SC0400CAN -2329983.25 -3493114.850000002 4784960.260000001
SCH200CAN 1448635.6935249618 -3385244.8840994067 5191046.767733866
SCHR00ITA 4683405.650189809 3956383.6862848355 1756005.851610712
SCOA00FRA 4639940.870000002 -136225.48799999885 4359552.0030000005
SCOR00GRL 1982095.7600728665 -798821.8421474983 5989464.513874797
SCRZ00BOL 2766285.5714650177 -5466755.5097645605 -1768457.6541810276
SCTE00ITA 4631110.434305724 3895890.6849685274 2007523.359596133
SCUB00CUB 1474536.4110084765 -5811243.890931478 2168957.974146483
SERS00ITA 4746848.270282932 3848862.7809443357 1819892.8164197826
SEUS00BES 2764144.7364567085 -5420871.714750811 1905182.269304284
SEY200SYC 3602867.3394000004 5238179.381100001 -516268.0724999999
SEYG00SYC 3603763.860762629 5249515.081584634 -367044.1938796006
SFDM00USA -2532675.97885112 -4615599.03392401 3588781.3692553397
SFER00ESP 5105519.626414252 -555147.8322073299 3769802.3064104435
SGPO00USA -667802.1498129248 -5082857.591928146 3782395.830076956
SGRE00ITA 4585899.417664347 4178117.5470803156 1479545.1080827522
SGRT00ITA 4581390.109036605 4089765.3560555656 1719737.3234449998
SGTA00ITA 4633608.356090475 4047283.96969817 1679267.7928163786
SHLG00IND -192076.06247641591 5749764.686366082 2746986.643872334
SHPB00CAN -2462314.560000002 -3356962.1659999983 4815829.413000001
SID000SRB 4256180.793 1484331.969 4497564.724999999
SIGI00ITA 4524492.950470642 4269783.384897761 1401896.0442941398
SIRI00ITA 4688285.409550614 3959664.700176276 1732469.756931231
SKE000SWE 2534031.294999999 975174.4479999996 5752078.57
SKE800SWE 2534032.9790000007 975167.9850000003 5752078.9520000005
SLCN00ITA 4679279.425097139 3981111.704734086 1707654.842370365
SLPO00ITA 4639579.479858022 4072671.44691182 1600747.066264456
SMLA00UKR 3546268.1329999994 2204463.6899999995 4805378.981
SNAL00ITA 4651952.1359326625 4033343.7688109702 1662766.3795841716
SNIK00ITA 4605443.5 1397356.0870000003 4171523.543999999
SOD300FIN 2200150.2789528435 1091650.9412156406 5866868.293435985
SODA00FIN 2200147.067 1091638.2560000003 5866870.798
SOFI00BGR 4319373.183660559 1868687.3207584901 4292062.99059689
SOLO00SLB -5925477.346002855 2162047.3864461 -943645.8479770861
SONS00ESP 4904660.504999999 -339868.059000002 4050823.481
SOSE00ITA 4788887.026274206 4081863.5023975507 1041350.6405840552
SPRN00HUN 4123048.2709999997 1227806.1559999997 4693473.996
SPT000SWE 3328983.1461500376 761910.6764551661 5369034.529056247
SPT700SWE 3328988.72 761917.7830000002 5369031.551000002
SRJV00BIH 4370293.275999999 1454979.8909999998 4397965.112999999
SSYX00ITA 4909824.847406368 3721090.3701409763 1648379.004141387
STHL00GBR 6158539.117141506 -611160.9247007349 -1539260.957405004
STJ200CAN 2612598.617767112 -3426833.4139838736 4686756.376680768
STJ300CAN 2612588.054593056 -3426823.0044890856 4686772.358911202
STJO00CAN 2612630.2655679397 -3426809.455247002 4686756.52436059
STK200JPN -3642160.942217116 2861488.962294475 4370350.938856476
STMN00ITA 4662887.3703 1279912.9774 4146943.3222000003
STNB00PRT 5134903.698 -1558816.9500000018 3436531.399
STPM00SPM 2436208.732286451 -3634806.3754597176 4624884.083370195
STR100AUS -4501531.192706776 2703717.674812092 -3609593.425367572
STR200AUS -4501571.344230735 2703729.91180563 -3609539.151199108
SUBO00SRB 4172027.238 1491099.441 4573052.019
SUL500DNK 3446402.833999999 591713.3379999998 5316376.749999999
SULD00DNK 3446394.515999999 591712.9379999998 5316383.271
SULP00UKR 3765297.849979044 1677558.3375362423 4851297.012725897
SUN600SWE 2838911.417000001 903817.0620000004 5620661.123
SUR400EST 2959057.2870000005 1341058.5340000005 5470426.847999999
SUTH00ZAF 5083054.203947707 1931931.527089006 -3325549.7702537775
SUTM00ZAF 5083103.89933381 1931995.5406686645 -3325433.1817705478
SVE600SWE 2902498.376 761460.419 5609857.468000001
SVIN00ITA 4797053.1774219 3857343.3394695004 1665127.5238170442
SVLL00ITA 4732509.284 1424433.3160000006 4020141.0429999987
SVTL00RUS 2730155.824903844 1562364.1241076582 5529989.234776877
SVTO00ITA 4646052.427835893 3982711.215076829 1793726.4898094654
SYDN00AUS -4730863.99080007 2606154.406520084 -3381059.9934230736
TAHB00CAN -2459291.622000001 -3302085.901999999 4855476.979000002
TAR000ESP 5140804.896000001 -504304.50300000026 3728988.7320000003
TASH00UZB 1695943.6879672399 4487138.628075902 4190141.2395649916
TEJA00CHL 1446258.3434583105 -4806251.587564072 -3922462.4043728337
TEOL00ITA 4390907.7757795695 4443797.186277176 1282473.151261321
TEOS00ITA 4564148.555 1115200.5660000003 4299577.542
TER200UKR 3737870.333 1791703.8160000006 4831815.671000001
TERS00NLD 3798580.8670000006 346993.847 5094780.789000001
TERU00ESP 4867391.673 -95523.91600000118 4108341.245
TFNO00CAN -2451193.793000003 -3385217.5969999987 4801784.6373
THTG00PYF -5278626.47246461 -3096153.719724576 -1791698.0070404976
THTI00PYF -5278627.973521671 -3096151.1605738825 -1791698.0070404976
THU200GRL 538093.8662186031 -1389090.2219455342 6180978.710222918
TID100AUS -4504539.473787604 2708740.8887484167 -3601880.0307795266
TIDV00AUS -4460996.404699999 2682557.0884999996 -3674443.3929999997
TIT200DEU 3993786.882193538 450204.3199004889 4936129.523356264
TITO00ITA 4663187.64699963 3996976.3843932687 1717571.2960932318
TKBG00JPN -3961640.755587455 3308776.1554797073 3734287.705117765
TLL100IRL 3797283.472 -423484.68699999957 5090128.452999999
TLMF00FRA 4627010.051 111069.20699999998 4374122.848
TLSE00FRA 4627851.864401298 119639.8925418281 4372993.537359725
TLSG00FRA 4628684.628125348 119998.25431430772 4372111.701370773
TOAY00LAO -1754222.7278259173 5874393.8285567025 1754640.6054540253
TOCA00ITA 4652482.709681362 4058905.3490080037 1594740.257598499
TOLF00ITA 4632569.588638478 4180563.6746803303 1317477.9532745609
TONG00TON -5941746.956265486 -501115.3121353701 -2256448.994050782
TOPL00BRA 4178712.643818831 -4695145.96004582 -1081657.9457240305
TOPP00ITA 4659786.490999999 1289147.465 4147976.5629999996
TOR100ESP 4850488.417999999 -292626.404000001 4118481.754
TOR300EST 3010767.9069999997 1498585.5269999998 5401362.187
TORI00ITA 4472544.622 601634.0900000001 4492544.973
TORN00FIN 2363238.6599999997 1068632.2629999998 5807526.035999999
TOW200AUS -5070868.59844508 3286060.567032848 -2035175.3826547568
TREM00ITA 4559511.939615897 4123305.680467682 1694681.007218606
TREU00ITA 4349599.535000001 856876.3760000002 4570728.153000001
TRF200AUT 4119400.4240000006 1170248.493 4712323.812
TRIV00ITA 4606031.050084853 4113495.8640506715 1592105.7579890415
TRMI00ITA 4585225.100999999 1227602.588 4246031.224999999
TSK200JPN -3957185.43115228 3310230.1390237682 3737704.9279054403
TSKB00JPN -3957198.52669685 3310201.9620340755 3737710.5130470847
TUBO00CZE 4001470.5970000005 1192345.303 4805795.312000001
TUC200GRC 4744543.678753485 2119411.5083808247 3686259.1968534915
TUO200FIN 2917813.352 1205216.224 5523548.842000001
TUVA00TUV -6323712.315954196 88684.72186406492 -824221.2155900442
TWTF00TWN -2994428.356196515 4951309.750859641 2674495.889632465
UBEN00ITA 4652084.711999999 1227171.887 4173498.2989999996
UCAG00ITA 4885053.127000001 783344.9145000002 4012044.1077000014
UCAL00CAN -1641946.031183791 -3664804.1264364617 4940009.515617135
UCLU00CAN -2440668.9232217707 -3416437.089234918 4785136.950051491
UFPR00BRA 3791167.549281021 -4396912.8412419185 -2634365.9187100977
UMBE00ITA 4534871.52656408 4275090.819869666 1353045.733592847
UME600SWE 2682410.094 950391.4350000003 5688993.813
UNB300CAN 1761286.453141334 -4078238.049050445 4561418.693134666
UNBD00CAN 1761305.872671695 -4078239.5582894897 4561410.321943407
UNSA00ARG 2440109.092660906 -5331545.226365222 -2504973.038035055
URAL00RUS 1716013.1737031844 3047280.5742602753 5316301.03387589
URUM00CHN 193030.59762676194 4606851.714649447 4393311.111408078
USCL00CHL 1780470.3964424985 -5078920.242356767 -3412317.002590064
USIX00ITA 4847108.210821766 3884377.229598334 1444758.1080140448
USN700USA 1112162.1988578672 -4842855.389561504 3985496.1393464683
USN800USA 1112162.1988578672 -4842855.389561504 3985496.1393464683
USN900USA 1112162.0423999995 -4842854.7891 3985496.6459999997
USSI00ITA 4545582.156861906 4234524.564262993 1439846.1324211522
USUD00JPN -3855263.4540794054 3427434.835225537 3741017.928768882
UTQI00USA -1880400.5550510301 -813136.4922966673 6019921.3886951385
VAA200FIN 2699868.3950000005 1078261.3670000003 5658063.823000002
VAAS00FIN 2699864.7490000012 1078263.8950000007 5658064.879
VACS00MUS 3228036.5052425032 5066422.343781533 -2136908.1943569817
VAE600SWE 3249402.8209999995 692761.9529999999 5426399.998999999
VAGA00ITA 4637853.687114951 4090976.4533781973 1558391.5732585944
VALA00ESP 4753521.661999999 -391505.6420000032 4221500.507999999
VALD00CAN 919073.8056717989 -4167766.908636378 4724323.495378604
VALE00ESP 4929534.02 -29050.705999998914 4033709.8960000006
VCAH00ITA 4579841.546162351 4240385.907482388 1311903.1869100663
VCSP00ITA 4829799.778858843 3829287.5427912986 1634989.2957940004
VEN100ITA 4379846.8268 959292.0 4521100.125300001
VFCH00FRA 4331862.633 130055.20899999997 4664121.602999999
VIGI00ITA 4682998.432999999 1334164.7589999998 4107068.4850000013
VIGN00ITA 4633939.368000001 1002830.5730000002 4252484.253000001
VIGO00ESP 4677481.662461153 -725203.8229203232 4260826.7785133105
VIL000SWE 2620257.1824805704 779138.3853493512 5743800.288393458
VIL600SWE 2620263.8340000007 779138.3430000002 5743797.748000001
VILL00ESP 4849834.418776042 -335048.4802698167 4116014.062272082
VIR200FIN 2788251.6969999997 1454871.1509999998 5530279.064000001
VIRG00ITA 4546466.1 842745.5570000001 4378530.268000001
VIS000SWE 3246471.249763894 1077900.11587038 5365277.553888543
VIS600SWE 3246466.614 1077901.855 5365279.664999999
VITR00BLR 3153681.473999999 1836774.9559999995 5213501.499000001
VITU00ITA 4646269.467822011 4065066.9798778626 1600752.1203105159
VLFR00ITA 4406437.681 845930.3089999999 4517989.919999998
VLIS00NLD 3975805.212999999 249950.08599999992 4964446.065
VLN100IRL 3877519.96 -700588.9929999997 4998722.342999999
VLSG00ITA 4826345.060272198 3801233.6936367624 1708645.238678241
VNDP00USA -2678092.1264732587 -4525436.607236879 3597431.241410575
VTRB00ITA 4610348.066 984861.9110000001 4282089.407000001
VULT00ITA 4640247.289893369 4027311.3949704734 1705843.2219136409
VVLO00ITA 4616787.385284545 4138045.015369651 1492477.764821204
WAB200CHE 4327318.172220563 566955.6194456794 4636426.004504809
WARE00BEL 4031947.4559999993 370150.80199999997 4911905.762000001
WARK00NZL -5171752.994729298 483157.969256311 -3689154.202062971
WARN00DEU 3658786.823013409 784470.5537022884 5147869.873250538
WHIT00CAN -2218339.7955713747 -2201204.891853814 5543056.902344997
WILL00CAN -2084259.7026564241 -3313872.7263956633 5019852.605499406
WIND00NAM 5679310.687239058 1746035.8358228086 -2315904.803817474
WOSB00CAN -2439695.6699999995 -3288605.670000001 4874987.800000001
WRLG00DEU 4075565.262999999 931610.3179999999 4801620.442000001
WROC00POL 3835751.883923346 1177251.2632763123 4941604.472414331
WSLB00CAN -2227013.6100000017 -3439649.099999998 4872522.220000001
WSRT00NLD 3828735.911110981 443304.5962082102 5064884.731552502
WT2100DEU 4075538.4999999995 931663.9 4801628.8
WTZ200DEU 4075535.2999999993 931822.185 4801608.915
WTZA00DEU 4075578.6540000006 931852.5670000002 4801569.807
WTZR00DEU 4075581.20396605 931852.3837599544 4801567.82268035
WTZS00DEU 4075535.773050092 931823.2838011435 4801608.298124092
WTZZ00DEU 4075578.3999999994 931852.75 4801569.98
WUH200CHN -2267751.302538016 5009154.791498961 3221293.217991246
WUHN00CHN -2267748.666660537 5009155.43288149 3221289.34623568
WUTH00NOR 1386490.7710000002 385513.81100000005 6192887.066
XMIS00AUS -1701018.2438985945 6056231.054409318 -1051247.884580698
YAR200AUS -2391166.824741478 5047837.5188711425 -3069506.6517621838
YAR300AUS -2391183.091453183 5047827.579821128 -3069512.5723686814
YARR00AUS -2391168.1383427777 5047840.291929824 -3069501.312072746
YEBE00ESP 4848725.521023802 -261633.32988782888 4123093.193982523
YEL200CAN -1224440.9625501325 -2689174.0389279146 5633661.440416162
YEL300CAN -1224494.600000002 -2689241.1 5633616.8
YELL00CAN -1224453.856522094 -2689216.1853852104 5633638.1092156265
YKRO00CIV 6306440.172045163 -578379.7387050354 757955.976108987
ZARA00ESP 4773803.5309999995 -73506.54500000164 4215453.666
ZECK00RUS 3451175.516467436 3060335.005447717 4391955.342062162
ZIM200CHE 4331300.718270788 567537.2096412907 4633132.905995242
ZIM300CHE 4331300.718270788 567537.2096412907 4633132.905995242
ZIMM00CHE 4331298.174104152 567556.099619244 4633132.833006348
ZOUF00ITA 4282710.328999999 986659.2009999999 4609469.594999999
ZZON00HUN 4179601.225000001 1264444.9930000002 4633710.134
